7
100200300400500600700800900100200300400500600700800900100200300400500600700800900
100200300400500600700800900100200300400500600700800900100200300400500600700800900
100200300400500600700800900100200300400500600700800900100200300400500600700800900
900800700600500400300200100900800700600500400300200100900800700600500400300200100
100200300400500600700800900100200300400500600700800900100200300400500600700800900
000000000000000000000000000000000000000000000000000000000000000000000000000000001
100200300400500600700800900100200300400500600700800900100200300400500600700800900
000000000000000000000000000000000000000000000000000000000000000000000000000000003
900800700600500400300200100900800700600500400300200100900800700600500400300200100
000000000000000000000000000000000000000000000000000000000000000000000000000000001
900800700600500400300200100900800700600500400300200100900800700600500400300200100
000000000000000000000000000000000000000000000000000000000000000000000000000000003
900800700600500400300200100900800700600500400300200100900800700600500400300200100
000000000000000000000000000000000000000000000000000000000000000000000000000000009
